42
170
305
433
101
229
538
666
108
236
376
504
543
671
587
715
361
489
318
446
628
756
371
499
609
737
48
176
546
674
614
742
597
725
276
404
66
194
535
663
512
640
335
463
257
385
109
237
322
450
294
422
6
134
284
412
341
469
268
396
623
751
97
225
70
198
577
705
314
442
96
224
58
186
616
744
540
668
605
733
613
741
635
763
111
239
562
690
590
718
328
456
558
686
575
703
377
505
596
724
33
161
368
496
583
711
584
712
532
660
290
418
93
221
55
183
117
245
270
398
74
202
525
653
279
407
95
223
533
661
79
207
367
495
339
467
22
150
259
387
288
416
557
685