42
170
305
433
101
229
538
666
108
236
376
504
543
671
587
715
361
489
318
446
628
756
371
499
609
737
48
176
546
674
614
742
597
725
276
404
66
194
535
663
512
640
335
463
257
385
109
237
322
450
294
422
6
134
284
412
341
469
268
396
623
751
97
225
70
198
577
705
314
442
96
224
58
186
616
744
540
668
605
733
613
741
635
763
111
239
562
690
590
718
328
456
558
686
575
703
377
505
596
724
33
161
368
496
583
711
584
712
532
660
290
418
93
221
55
183
117
245
270
398
74
202
525
653
279
407
95
223
533
661
79
207
367
495
339
467
22
150
259
387
288
416
557
685
344
472
600
728
18
146
319
447
551
679
519
647
267
395
312
440
116
244
261
389
78
206
588
716
574
702
16
144
579
707
636
764
8
136
85
213
41
169
576
704
541
669
26
154
637
765
126
254
591
719
61
189
306
434
313
441
329
457
4
132
366
494
265
393
283
411
379
507
5
133
67
195
86
214
581
709
19
147
550
678
622
750
382
510
92
220
75
203
289
417
46
174
57
185
383
511
49
177
81
209
365
493
304
432
560
688
269
397
285
413
119
247
536
664
23
151
358
486
348
476
338
466
548
676
21
149
334
462
559
687
374
502
36
164
11
139
266
394
606
734
621
749
531
659
381
509
518
646
630
758
363
491
513
641
316
444
77
205
580
708
34
162
302
430
578
706
627
755
324
452
345
473
342
470
351
479
604
732
83
211
274
402
570
698
292
420
118
246
84
212
323
451
123
251
353
481
347
475
321
449
534
662
582
710
63
191
71
199
260
388
88
216
127
255
56
184
332
460
568
696
572
700
352
480
362
490
100
228
369
497
299
427
277
405
638
766
65
193
595
723
275
403
566
694
564
692
307
435
618
746
514
642
287
415
633
761
94
222
59
187
603
731
121
249
346
474
20
148
286
414
359
487
634
762
14
142
45
173
106
234
281
409
333
461
327
455
1
129
52
180
610
738
87
215
370
498
64
192
60
188
555
683
0
128
598
726
43
171
554
682
586
714
521
649
356
484
639
767
330
458
282
410
556
684
632
760
528
656
547
675
17
145
549
677
38
166
517
645
594
722
320
448
3
131
273
401
544
672
98
226
553
681
360
488
585
713
617
745
620
748
607
735
349
477
50
178
39
167
27
155
375
503
567
695
515
643
373
501
309
437
47
175
263
391
563
691
527
655
529
657
91
219
69
197
523
651
545
673
625
753
378
506
624
752
296
424
569
697
13
141
24
152
522
650
565
693
340
468
539
667
15
143
80
208
308
436
124
252
631
759